Seed ( ) = I 3141

Vector_Reflect ( V -4 0 -9 0 V 3 8 4 0 ) = V 0.764045 -8.6292133 4.6853933 -0
Vector_Reflect ( V 1 -2 -9 0 V 0 0 0 0 ) = V -1 2 9 -0
Vector_Reflect ( V -6 -8 6 -2 V 7 8 1 -2 ) = V -5.3898315 -5.0169506 -7.6271191 5.2542377
Vector_Reflect ( V 6 7 7 -6 V 0 0 0 0 ) = V -6 -7 -7 6
Vector_Reflect ( V -3 -6 -9 0 V 1 0 0 0 ) = V -3 6 9 -0
Matrix_Zero ( ) = M 0 0 0 0 0 0 0 0 0 0 0 0 0 0 0 0
Matrix_Identity ( ) = M 1 0 0 0 0 1 0 0 0 0 1 0 0 0 0 1
Matrix_Create_Translation ( F 4 F -8 F -2 ) = M 1 0 0 4 0 1 0 -8 0 0 1 -2 0 0 0 1
Matrix_Create_Scale ( F 7 F -9 F 3 ) = M 7 0 0 0 0 -9 0 0 0 0 3 0 0 0 0 1
Matrix_Create_Scale ( F 4 F 5 F -4 ) = M 4 0 0 0 0 5 0 0 0 0 -4 0 0 0 0 1
Matrix_Create_Rotation_X ( F 110.7688 ) = M 1 0 0 0 0 -0.3545965 -0.93501943 0 0 0.93501943 -0.3545965 0 0 0 0 1
Matrix_Create_Rotation_X ( F 142.33459 ) = M 1 0 0 0 0 -0.79159135 -0.61105084 0 0 0.61105084 -0.79159135 0 0 0 0 1
Matrix_Create_Rotation_X ( F 105.6977 ) = M 1 0 0 0 0 -0.27056026 -0.96270305 0 0 0.96270305 -0.27056026 0 0 0 0 1
Matrix_Create_Rotation_Y ( F 358.6261 ) = M 0.99971241 0 -0.023981482 0 0 1 0 0 0.023981482 0 0.99971241 0 0 0 0 1
Matrix_Create_Rotation_Y ( F 232.2177 ) = M -0.61266536 0 -0.79034245 0 0 1 0 0 0.79034245 0 -0.61266536 0 0 0 0 1
Matrix_Create_Rotation_Y ( F 105.2732 ) = M -0.26342046 0 0.96468109 0 0 1 0 0 -0.96468109 0 -0.26342046 0 0 0 0 1
Matrix_Create_Rotation_Z ( F 210.8611 ) = M -0.85841489 0.51295602 0 0 -0.51295602 -0.85841489 0 0 0 0 1 0 0 0 0 1
Matrix_Create_Rotation_Z ( F 61.990398 ) = M 0.46962023 -0.88286853 0 0 0.88286853 0.46962023 0 0 0 0 1 0 0 0 0 1
Matrix_Create_Rotation_Z ( F 331.4277 ) = M 0.87821192 0.47827169 0 0 -0.47827169 0.87821192 0 0 0 0 1 0 0 0 0 1
Matrix_Matrix_Add ( M 8 8 5 -6 -5 5 3 -3 5 -7 -2 1 -2 -4 2 7 M 5 0 -1 6 -7 -7 8 3 -2 -2 5 4 -6 8 2 6 ) = M 13 8 4 0 -12 -2 11 0 3 -9 3 5 -8 4 4 13
Matrix_Matrix_Add ( M 6 8 -9 -2 7 6 -3 -6 2 -2 0 -1 -1 -5 8 4 M -5 1 -9 -8 -1 -9 -5 -9 1 0 5 -4 -7 -1 2 -1 ) = M 1 9 -18 -10 6 -3 -8 -15 3 -2 5 -5 -8 -6 10 3
Matrix_Matrix_Sub ( M -6 -6 2 -5 -1 3 -3 6 7 -8 -4 5 -2 -9 -4 2 M -4 0 3 8 -2 -2 -6 7 -3 1 1 7 7 -6 -7 8 ) = M -2 -6 -1 -13 1 5 3 -1 10 -9 -5 -2 -9 -3 3 -6
Matrix_Matrix_Sub ( M 0 -5 -9 1 5 5 4 -2 0 3 -4 5 3 2 -9 8 M -1 -8 -1 -1 -6 -6 6 -8 -6 3 8 0 1 -9 5 2 ) = M 1 3 -8 2 11 11 -2 6 6 0 -12 5 2 11 -14 6
Matrix_Scalar_Multiply ( M -3 8 8 1 -3 -4 -6 8 -4 -7 -3 -3 -8 5 -7 8 F -5 ) = M 15 -40 -40 -5 15 20 30 -40 20 35 15 15 40 -25 35 -40
Matrix_Scalar_Multiply ( M -5 3 -7 -3 5 2 -8 -5 -3 4 4 3 1 7 4 -9 F 1 ) = M -5 3 -7 -3 5 2 -8 -5 -3 4 4 3 1 7 4 -9
Matrix_Negate ( M -6 -6 5 -7 -8 4 7 -2 0 4 6 -9 -5 8 6 -3 ) = M 6 6 -5 7 8 -4 -7 2 -0 -4 -6 9 5 -8 -6 3
Matrix_Negate ( M 2 -6 6 4 4 2 4 -4 8 3 -6 -4 0 2 6 -1 ) = M -2 6 -6 -4 -4 -2 -4 4 -8 -3 6 4 -0 -2 -6 1
Matrix_Transpose ( M 3 3 -2 -8 -3 -9 -9 7 6 6 2 3 3 -4 0 6 ) = M 3 -3 6 3 3 -9 6 -4 -2 -9 2 0 -8 7 3 6
Matrix_Transpose ( M 6 -8 -8 -9 -8 0 5 0 7 -9 -1 -2 -5 3 7 -4 ) = M 6 -8 7 -5 -8 0 -9 3 -8 5 -1 7 -9 0 -2 -4
Matrix_Vector_Multiply ( M 1 -9 2 2 5 7 -7 -3 3 -8 0 7 -1 -3 -1 4 V -7 -8 5 2 ) = V 79 -132 57 34
Matrix_Vector_Multiply ( M -7 -1 -4 -4 7 6 -5 5 -3 -5 -2 -7 -8 1 0 -7 V 2 4 4 1 ) = V -38 23 -41 -19
Vector_Matrix_Multiply ( V -2 -3 7 -1 M -8 -1 3 -8 -5 6 -6 -5 8 -6 -6 -5 -2 6 3 -3 ) = V 89 -64 -33 -1
Vector_Matrix_Multiply ( V 5 4 -5 -5 M 3 -4 0 3 7 5 -8 7 2 -7 3 -8 7 -7 -7 -5 ) = V -2 70 -12 108
Matrix_Matrix_Multiply ( M -6 2 6 -3 0 2 -4 -5 -6 -3 -3 1 -6 2 -2 -7 M -9 3 -4 -7 -5 -1 0 4 -8 -1 -6 -6 6 5 1 -9 ) = M -22 -41 -15 41 -8 -23 19 77 99 -7 43 39 18 -53 29 125
Matrix_Matrix_Multiply ( M -6 -7 5 -5 -6 0 -4 -3 -8 -9 -6 5 4 -2 2 3 M 4 5 -7 -7 7 -9 -7 7 4 4 8 8 -2 8 7 -4 ) = M -43 13 96 53 -34 -70 -11 22 -129 57 106 -75 4 70 23 -38
Matrix_Matrix_Multiply ( M 1 3 -3 7 -8 5 4 -9 8 -6 2 -7 -3 0 2 8 M 5 -6 2 -8 7 8 -9 0 2 -6 -6 0 8 -6 3 -2 ) = M 76 -6 14 -22 -69 118 -112 82 -54 -66 37 -50 53 -42 6 8
FFF11000CC-111OO-102016-FFFA
End
1ACDFF00-102016
Press any key to continue . . . 
Press ENTER to close the program
